server starting... 
0.3 [0.0, -0.0, 0.0] [0.0, 0.0, 0.0] [0.0, -1.0, 1.64] 90.0 False
0.34 [0.01, 0.0, 0.0] [0.0, 0.0, -0.0019999999999999996] [0.0, -1.0, 1.62] 90.0 False
0.38 [0.03, 0.0, 0.0] [0.0, 0.0, -0.005799999999999999] [-0.0, -1.0, 1.57] 90.0 False
0.42 [0.06, -0.0, -0.0] [0.0, 0.0, -0.011219999999999997] [-0.0, -1.0, 1.51] 90.0 False
0.46 [0.09, 0.0, -0.0] [0.0, 0.0, -0.018097999999999996] [0.0, -1.0, 1.44] 90.0 False
0.5 [0.13, 0.0, -0.0] [0.0, 0.0, -0.026288199999999994] [0.0, -1.0, 1.35] 90.0 False
0.54 [0.17, -0.0, 0.0] [0.0, 0.0, -0.03565937999999999] [0.0, -1.0, 1.24] 90.0 False
0.58 [0.22, -0.0, 0.0] [0.0, 0.0, -0.04609344199999999] [-0.0, -1.0, 1.12] 90.0 False
0.62 [0.28, 0.0, 0.0] [0.0, 0.0, -0.057484097799999995] [0.0, -1.0, 0.99] 90.0 False
0.66 [0.34, 0.0, -0.0] [0.0, 0.0, -0.06873568801999999] [0.0, -1.0, 0.84] 90.0 False
0.7 [0.4, 0.0, -0.0] [0.0, 0.0, -0.08086211921799999] [0.0, -1.0, 0.67] 90.0 False
0.74 [0.47, 0.0, 0.0] [0.0, 0.0, -0.09377590729619999] [0.0, -1.0, 0.49] 90.0 False
0.78 [-30.65, 0.0, 0.0] [0.046999999999999986, 0.0, -0.08439831656657999] [0.0, -0.99, 0.52] 90.0 False
0.82 [-29.48, 0.0, 0.0] [0.04929999999999999, 0.0, -0.066958484909922] [0.0, -0.98, 0.54] 90.0 False
0.86 [-28.04, 0.0, 0.0] [0.05236999999999999, 0.0, -0.054262636418929804] [0.0, -0.96, 0.54] 90.0 False
0.9 [-10.92, 0.0, 0.0] [0.054132999999999994, 0.0, -0.04483637277703683] [0.0, -0.96, 0.54] 90.0 False
0.94 [-2.05, -0.0, -0.0] [0.31971969999999994, 0.0, -0.896352735499333] [0.0, -0.95, 0.54] 90.0 False
0.98 [8.9, -0.0, 0.0] [0.55974773, 0.0, -1.6937174619493995] [0.0, -0.96, 0.54] 90.0 False
1.02 [20.22, 0.0, -0.0] [0.7747729569999999, 0.0, -2.4333457157544593] [0.0, -0.96, 0.54] 90.0 False
1.06 [32.18, -0.0, 0.0] [0.9612956612999999, 0.0, -3.102011144179013] [0.0, -0.97, 0.54] 90.0 False
1.1 [45.17, -0.0, -0.0] [1.1191660951699998, 0.0, -3.6968100297611115] [0.0, -0.99, 0.54] 90.0 False
1.14 [25.3, -0.0, -0.0] [0.6822494856529999, 0.0, -4.847129026785] [0.0, -1.0, 0.54] 90.0 False
1.18 [13.33, -0.0, 0.0] [0.41302453708770004, 0.0, -5.3094161241065] [-0.0, -1.01, 0.54] 90.0 False
1.22 [2.04, 0.0, 0.0] [0.17672208337893008, 0.0, -5.73447451169585] [-0.0, -1.01, 0.54] 90.0 False
1.26 [-9.02, -0.0, 0.0] [-0.029950124958962876, 0.0, -6.120027060526264] [-0.0, -1.01, 0.54] 90.0 False
1.3 [-20.27, 0.0, 0.0] [-0.20795511246306655, 0.0, -6.467024354473637] [-0.0, -1.0, 0.54] 90.0 False
1.34 [-32.11, 0.0, 0.0] [-0.3591596012167598, 0.0, -6.774321919026273] [-0.0, -0.99, 0.54] 90.0 False
1.38 [-11.13, 0.0, -0.0] [0.09275635890491607, 0.0, -7.408889727123645] [0.0, -0.98, 0.54] 90.0 False
1.42 [2.92, 0.0, -0.0] [0.36348072301442436, 0.0, -7.568000754411281] [0.0, -0.98, 0.54] 90.0 False
1.46 [16.91, 0.0, 0.0] [0.6001326507129818, 0.0, -7.720200678970152] [0.0, -0.99, 0.54] 90.0 False
1.5 [0.37, -0.0, -0.0] [0.3121193856416838, 0.0, -8.105180611073136] [0.0, -0.99, 0.54] 90.0 False
1.54 [0.04, -0.0, -0.0] [0.2829074470775154, 0.0, -8.276662549965822] [0.0, -0.99, 0.54] 90.0 False
1.58 [0.03, 0.0, -0.0] [0.28661670236976383, 0.0, -8.42999629496924] [0.0, -0.99, 0.54] 90.0 False
1.62 [0.03, 0.0, -0.0] [0.29095503213278745, 0.0, -8.567996665472315] [0.0, -0.99, 0.54] 90.0 False
1.66 [0.03, 0.0, -0.0] [0.2948595289195087, 0.0, -8.692196998925084] [0.0, -0.99, 0.54] 90.0 False
1.7 [0.0, 0.0, 0.0] [0.29837357602755776, 0.0, -8.802977299032575] [0.0, -0.99, 0.54] 90.0 False
1.74 [0.0, 0.0, 0.0] [0.301536218424802, 0.0, -8.902679569129317] [0.0, -0.99, 0.54] 90.0 False
1.78 [0.0, 0.0, 0.0] [0.30438259658232175, 0.0, -8.992411612216387] [0.0, -0.99, 0.54] 90.0 False
1.82 [0.0, 0.0, 0.0] [0.30694433692408957, 0.0, -9.073170450994748] [0.0, -0.99, 0.54] 90.0 False
1.86 [0.0, 0.0, 0.0] [0.3092499032316806, 0.0, -9.145853405895274] [0.0, -0.99, 0.54] 90.0 False
1.9 [-10.55, 0.0, 0.0] [0.31132491290851255, 0.0, -9.211268065305747] [0.0, -0.99, 0.54] 90.0 False
1.94 [-11.47, 0.0, -0.0] [0.5131924216176612, 0.0, -9.221141258775171] [0.0, -0.99, 0.54] 90.0 False
1.98 [-22.6, 0.0, -0.0] [0.29987317945589514, 0.0, -9.169027132897654] [0.0, -0.98, 0.54] 90.0 False
2.02 [-20.79, 0.0, -0.0] [0.6058858615103055, 0.0, -9.321124419607887] [0.0, -0.97, 0.54] 90.0 False
2.06 [-5.61, 0.0, -0.0] [0.8752972753592749, 0.0, -9.4370119776471] [0.0, -0.97, 0.54] 90.0 False
2.1 [-11.99, -0.0, -0.0] [0.9817675478233474, 0.0, -9.638310779882389] [0.0, -0.97, 0.54] 90.0 False
2.14 [-22.7, 0.0, -0.0] [0.7285907930410127, 0.0, -9.54247970189415] [0.0, -0.96, 0.54] 90.0 False
2.18 [-22.33, -0.0, -0.0] [1.0037317137369113, 0.0, -9.666231731704734] [0.0, -0.96, 0.54] 90.0 False
2.22 [-8.41, -0.0, -0.0] [1.2523585423632202, 0.0, -9.77460855853426] [0.0, -0.95, 0.54] 90.0 False
2.26 [-13.27, 0.0, -0.0] [1.4351226881268984, 0.0, -9.913147702680833] [0.0, -0.95, 0.54] 90.0 False
2.3 [-15.39, -0.0, -0.0] [1.6026104193142086, 0.0, -9.88783293241275] [0.0, -0.95, 0.54] 90.0 False
2.34 [-21.92, -0.0, 0.0] [1.2993493773827878, 0.0, -9.762049639171474] [0.0, -0.94, 0.54] 90.0 False
2.38 [-10.09, -0.0, -0.0] [1.5334144396445089, 0.0, -9.874844675254327] [0.0, -0.94, 0.53] 90.0 False
2.42 [-14.82, 0.0, 0.0] [1.745072995680058, 0.0, -9.990360207728894] [0.0, -0.93, 0.53] 90.0 False
2.46 [-18.0, 0.0, 0.0] [1.8995656961120522, 0.0, -9.983324186956004] [0.0, -0.93, 0.53] 90.0 False
2.5 [-6.53, 0.0, -0.0] [2.056609126500847, 0.0, -10.016991768260404] [0.0, -0.93, 0.53] 90.0 False
2.54 [-14.26, 0.0, -0.0] [2.1589482138507625, 0.0, -10.145292591434362] [0.0, -0.93, 0.53] 90.0 False
2.58 [-18.17, 0.0, -0.0] [2.2760533924656863, 0.0, -10.118763332290927] [0.0, -0.92, 0.53] 90.0 False
2.62 [-21.93, -0.0, 0.0] [1.9194480532191176, 0.0, -9.962886999061833] [0.0, -0.91, 0.53] 90.0 False
2.66 [-12.93, 0.0, -0.0] [2.1135032478972056, 0.0, -10.06659829915565] [0.0, -0.91, 0.53] 90.0 False
2.7 [-4.88, -0.0, 0.0] [2.287152923107485, 0.0, -10.166938469240085] [0.0, -0.91, 0.53] 90.0 False
2.74 [-14.64, 0.0, 0.0] [2.3744376307967365, 0.0, -10.285244622316077] [0.0, -0.91, 0.53] 90.0 False
2.78 [-20.1, -0.0, 0.0] [2.484993867717063, 0.0, -10.25572016008447] [0.0, -0.9, 0.53] 90.0 False
2.82 [-22.7, 0.0, 0.0] [2.614494480945357, 0.0, -10.297148144076024] [0.0, -0.9, 0.53] 90.0 False
2.86 [-14.43, -0.0, 0.0] [2.7480450328508215, 0.0, -10.36743332966842] [0.0, -0.89, 0.53] 90.0 False
2.9 [-8.07, 0.0, -0.0] [2.871240529565739, 0.0, -10.44168999670158] [0.0, -0.89, 0.53] 90.0 False
2.94 [-17.3, -0.0, -0.0] [2.982116476609165, 0.0, -10.512520997031423] [0.0, -0.88, 0.52] 90.0 False
2.98 [-9.89, -0.0, 0.0] [3.057904828948249, 0.0, -10.49826889732828] [0.0, -0.88, 0.52] 90.0 False
3.02 [-19.31, -0.0, -0.0] [3.155114346053424, 0.0, -10.563442007595453] [0.0, -0.88, 0.52] 90.0 False
3.06 [-12.5, 0.0, -0.0] [3.2286029114480814, 0.0, -10.569097806835908] [0.0, -0.87, 0.52] 90.0 False
3.1 [-7.69, 0.0, -0.0] [3.315742620303273, 0.0, -10.627188026152318] [0.0, -0.87, 0.52] 90.0 False
3.14 [-18.34, -0.0, -0.0] [3.3931683582729457, 0.0, -10.681469223537086] [0.0, -0.87, 0.52] 90.0 False
3.18 [-12.45, 0.0, -0.0] [3.444851522445651, 0.0, -10.665322301183377] [0.0, -0.86, 0.52] 90.0 False
3.22 [-22.6, 0.0, 0.0] [3.517366370201086, 0.0, -10.71379007106504] [0.0, -0.86, 0.52] 90.0 False
3.26 [-17.61, -0.0, 0.0] [3.5846297331809773, 0.0, -10.747411063958536] [-0.0, -0.85, 0.52] 90.0 False
3.3 [-14.78, -0.0, 0.0] [3.6511667598628796, 0.0, -10.784669957562683] [-0.0, -0.85, 0.51] 90.0 False
3.34 [-12.44, -0.0, -0.0] [3.7120500838765915, 0.0, -10.820202961806416] [-0.0, -0.84, 0.51] 90.0 False
3.38 [-10.48, 0.0, 0.0] [3.766845075488932, 0.0, -10.853182665625775] [-0.0, -0.84, 0.51] 90.0 False
3.42 [-8.81, -0.0, -0.0] [3.817160567940039, 0.0, -10.883864399063198] [-0.0, -0.84, 0.51] 90.0 False
3.46 [-7.38, 0.0, -0.0] [3.863444511146035, 0.0, -10.911477959156878] [-0.0, -0.84, 0.51] 90.0 False
3.5 [-20.91, -0.0, 0.0] [3.9061000600314317, 0.0, -10.937330163241189] [-0.0, -0.83, 0.51] 90.0 False
3.54 [-18.5, -0.0, 0.0] [3.9414900540282884, 0.0, -10.92959714691707] [-0.0, -0.83, 0.51] 90.0 False
3.58 [-18.26, 0.0, 0.0] [3.9883410486254594, 0.0, -10.946637432225362] [-0.0, -0.82, 0.51] 90.0 False
3.62 [-18.63, -0.0, 0.0] [4.032506943762914, 0.0, -10.961973689002825] [-0.0, -0.82, 0.5] 90.0 False
3.66 [-19.62, -0.0, 0.0] [4.075256249386622, 0.0, -10.974776320102542] [-0.0, -0.81, 0.5] 90.0 False
3.7 [-21.27, 0.0, -0.0] [4.11673062444796, 0.0, -10.984298688092288] [-0.0, -0.8, 0.5] 90.0 False
3.74 [-23.63, -0.0, -0.0] [4.157057562003163, 0.0, -10.99086881928306] [-0.0, -0.8, 0.5] 90.0 False
3.78 [-26.8, 0.0, -0.0] [4.197351805802847, 0.0, -10.992781937354753] [-0.0, -0.79, 0.49] 90.0 False
3.82 [-30.9, 0.0, -0.0] [4.237616625222562, 0.0, -10.989503743619277] [-0.0, -0.78, 0.49] 90.0 False
3.86 [-36.09, 0.0, -0.0] [4.277854962700306, 0.0, -10.98055336925735] [-0.0, -0.77, 0.49] 90.0 False
3.9 [-42.57, 0.0, -0.0] [4.318069466430275, 0.0, -10.963498032331616] [-0.0, -0.76, 0.48] 90.0 False
3.94 [-50.57, 0.0, -0.0] [4.359262519787248, 0.0, -10.935148229098454] [-0.0, -0.74, 0.48] 90.0 False
3.98 [-60.41, -0.0, -0.0] [4.400336267808523, 0.0, -10.891633406188607] [-0.0, -0.72, 0.47] 90.0 False
4.02 [-72.44, 0.0, -0.0] [4.440302641027671, 0.0, -10.828470065569746] [-0.0, -0.7, 0.46] 90.0 False
4.06 [-87.06, -0.0, -0.0] [4.477272376924904, 0.0, -10.736623059012771] [-0.0, -0.68, 0.45] 90.0 False
4.1 [-104.77, 0.0, -0.0] [4.508545139232414, 0.0, -10.604960753111495] [-0.0, -0.65, 0.43] 90.0 False
4.14 [-126.07, 0.0, -0.0] [4.5286906253091725, 0.0, -10.417464677800345] [0.0, -0.61, 0.41] 90.0 False
4.18 [-151.51, 0.0, -0.0] [4.528821562778256, 0.0, -10.152718210020309] [0.0, -0.57, 0.38] 90.0 False
4.22 [-181.58, 0.0, -0.0] [4.496939406500431, 0.0, -9.780446389018277] [0.0, -0.53, 0.34] 90.0 False
4.26 [-216.62, -0.0, -0.0] [4.4132454658503875, 0.0, -9.264401750116448] [0.0, -0.49, 0.28] 90.0 False
4.3 [-256.73, -0.0, -0.0] [4.250920919265349, 0.0, -8.555961575104805] [0.0, -0.44, 0.21] 90.0 False
4.34 [8.04, 0.0, 0.0] [3.8258288273388144, 0.0, -7.700365417594324] [0.0, -0.44, 0.21] 90.0 False
4.38 [4.89, -0.0, 0.0] [4.245245944604933, 0.0, -6.707328875834892] [0.0, -0.44, 0.21] 90.0 False
4.42 [3.31, 0.0, 0.0] [4.7597213501444395, 0.0, -6.369595988251403] [0.0, -0.45, 0.21] 90.0 False
4.46 [2.74, -0.0, 0.0] [5.237749215129996, 0.0, -6.044636389426263] [0.0, -0.45, 0.21] 90.0 False
4.5 [2.54, 0.0, -0.0] [5.671974293616996, 0.0, -5.749172750483638] [0.0, -0.45, 0.21] 90.0 False
4.54 [2.48, 0.0, -0.0] [6.064776864255297, 0.0, -5.482255475435274] [0.0, -0.45, 0.21] 90.0 True
(generate_reward) fallen  2.6799999999999997 9.945725462862244
4.58 [2.49, 0.0, -0.0] [6.418299177829767, 0.0, -5.2430299278917465] [0.0, -0.45, 0.21] 90.0 True
(generate_reward) fallen  2.7199999999999998 10.292634799353447
4.62 [2.52, -0.0, -0.0] [6.736469260046791, 0.0, -5.028726935102571] [0.0, -0.45, 0.21] 90.0 True
(generate_reward) fallen  2.76 10.651644418342302
4.66 [2.57, 0.0, 0.0] [7.022822334042112, 0.0, -4.836854241592314] [0.0, -0.45, 0.21] 90.0 True
(generate_reward) fallen  2.8 11.023176380641596
4.7 [2.62, -0.0, 0.0] [7.280540100637901, 0.0, -4.6651688174330825] [0.0, -0.45, 0.21] 90.0 True
(generate_reward) fallen  2.84 11.4076674686485
4.74 [2.64, -0.0, -0.0] [7.512486090574111, 0.0, -4.5126519356897745] [0.0, -0.45, 0.21] 90.0 True
(generate_reward) fallen  2.88 11.805569699836997
4.78 [2.69, 0.0, -0.0] [7.7212374815167, 0.0, -4.376386742120797] [0.0, -0.45, 0.21] 90.0 True
(generate_reward) fallen  2.92 12.217350858161106
4.82 [2.74, -0.0, -0.0] [7.90911373336503, 0.0, -4.254748067908717] [0.0, -0.45, 0.21] 90.0 True
(generate_reward) fallen  2.96 12.64349504399359
4.86 [2.8, -0.0, 0.0] [8.079202360028527, 0.0, -4.147273261117845] [0.0, -0.45, 0.21] 90.0 True
(generate_reward) fallen  3.0 13.084503243246594
4.9 [2.87, -0.0, 0.0] [8.232282124025675, 0.0, -4.051545935006061] [0.0, -0.45, 0.21] 90.0 True
(generate_reward) fallen  3.04 13.540893916343387
4.94 [2.94, 0.0, -0.0] [8.370053911623108, 0.0, -3.967391341505455] [0.0, -0.45, 0.21] 90.0 True
(generate_reward) fallen  3.08 14.013203607733615
4.98 [3.0, 0.0, 0.0] [8.494048520460797, 0.0, -3.8936522073549096] [0.0, -0.46, 0.21] 90.0 True
(generate_reward) fallen  3.12 14.501987576668531
5.02 [3.07, -0.0, 0.0] [8.605643668414718, 0.0, -3.8282869866194185] [0.0, -0.46, 0.21] 90.0 True
(generate_reward) fallen  3.1599999999999993 15.007820449977887
5.06 [3.14, -0.0, -0.0] [8.706079301573245, 0.0, -3.771458287957477] [0.0, -0.46, 0.21] 90.0 True
(generate_reward) fallen  3.1999999999999993 15.531296897615787
5.1 [3.21, -0.0, 0.0] [8.79647137141592, 0.0, -3.722312459161729] [0.0, -0.46, 0.21] 90.0 True
(generate_reward) fallen  3.2399999999999993 16.07303233176974
5.14 [3.27, -0.0, 0.0] [8.87882423427433, 0.0, -3.679081213245556] [0.0, -0.46, 0.21] 90.0 True
(generate_reward) fallen  3.2799999999999994 16.633663630354885
5.18 [3.34, -0.0, 0.0] [8.952941810846896, 0.0, -3.6421730919210002] [0.0, -0.46, 0.21] 90.0 True
(generate_reward) fallen  3.3199999999999994 17.21384988574379
5.22 [3.41, 0.0, 0.0] [9.019647629762206, 0.0, -3.6109557827289] [0.0, -0.46, 0.21] 90.0 True
(generate_reward) fallen  3.3599999999999994 17.81427317961219
5.26 [3.48, 0.0, -0.0] [9.079682866785985, 0.0, -3.5848602044560103] [0.0, -0.46, 0.21] 90.0 True
(generate_reward) fallen  3.3999999999999995 18.43563938481144
5.3 [3.55, -0.0, -0.0] [9.133714580107387, 0.0, -3.5623741840104093] [0.0, -0.46, 0.21] 90.0 True
(generate_reward) fallen  3.4399999999999995 19.078678995210595
5.34 [3.62, -0.0, 0.0] [9.182343122096649, 0.0, -3.5441367656093683] [0.0, -0.46, 0.21] 90.0 True
(generate_reward) fallen  3.4799999999999995 19.744147984483533
5.38 [3.69, -0.0, -0.0] [9.226108809886984, 0.0, -3.5297230890484315] [0.0, -0.46, 0.21] 90.0 True
(generate_reward) fallen  3.5199999999999996 20.432828694850752
(generate_reward) complete  3.5199999999999996 20.432828694850752
5.42 [3.76, -0.0, 0.0] [9.266497928898286, 0.0, -3.5187507801435887] [0.0, -0.46, 0.21] 90.0 True
(generate_reward) fallen  3.5599999999999996 21.145530756820705
(generate_reward) complete  3.5599999999999996 21.145530756820705
5.46 [3.83, 0.0, -0.0] [9.302848136008457, 0.0, -3.51087570212923] [0.0, -0.46, 0.21] 90.0 True
(generate_reward) fallen  3.5999999999999996 21.883092041012016
(generate_reward) complete  3.5999999999999996 21.883092041012016
5.5 [3.9, -0.0, 0.0] [9.33556332240761, 0.0, -3.504788131916307] [0.0, -0.46, 0.21] 90.0 True
(generate_reward) fallen  3.6399999999999997 22.646379643175386
(generate_reward) complete  3.6399999999999997 22.646379643175386
5.54 [3.97, 0.0, -0.0] [9.36500699016685, 0.0, -3.501309318724676] [0.0, -0.46, 0.21] 90.0 True
(generate_reward) fallen  3.6799999999999997 23.436290903573365
(generate_reward) complete  3.6799999999999997 23.436290903573365
5.58 [4.04, 0.0, -0.0] [9.391506291150163, 0.0, -3.500178386852208] [0.0, -0.47, 0.21] 90.0 True
(generate_reward) fallen  3.7199999999999998 24.253754461916316
(generate_reward) complete  3.7199999999999998 24.253754461916316
5.62 [4.1, 0.0, 0.0] [9.415355662035147, 0.0, -3.5011605481669874] [0.0, -0.47, 0.21] 90.0 True
(get_pose) frame >= True
(generate_reward) fallen  3.76 25.09973134909478
(generate_reward) complete  3.76 25.09973134909478
